# progress: 25.0
1 0.2004062288422478 0.4648014440433213 0.014895057549085985 0.1407942238267148
1 0.23832092078537576 0.4711191335740072 0.014895057549085985 0.16425992779783394
1 0.3053486797562627 0.47247292418772563 0.016249153689911984 0.2157039711191336
1 0.4248476641841571 0.4814981949458484 0.02098849018280298 0.30776173285198555
1 0.6983750846310088 0.46886281588447654 0.02234258632362898 0.4575812274368231
1 0.10595802301963439 0.44945848375451264 0.01963439404197698 0.1444043321299639
4 0.27149627623561273 0.5212093862815884 0.04739336492890995 0.09657039711191336
4 0.2156398104265403 0.5036101083032491 0.025050778605280974 0.0703971119133574
4 0.36052809749492215 0.5816787003610109 0.08463100880162491 0.06949458483754513
4 0.8581584292484766 0.6083032490974729 0.2742044685172647 0.18953068592057762
4 0.494583615436696 0.6376353790613718 0.10223425863236289 0.09657039711191336
