# progress: 20.0
0 0.4942450914014895 0.6299638989169675 0.3628977657413676 0.1407942238267148
0 0.09377115775220041 0.6394404332129964 0.1848341232227488 0.10379061371841156
1 0.05077860528097495 0.5171480144404332 0.010832769126607989 0.09927797833935018
1 0.0988490182802979 0.5225631768953068 0.008124576844955992 0.08303249097472924
1 0.13405551794177387 0.526173285198556 0.008124576844955992 0.08664259927797834
1 0.22714962762356128 0.5279783393501805 0.008801624915368992 0.06859205776173286
1 0.4069058903182126 0.5302346570397112 0.008124576844955992 0.058664259927797835
1 0.45429925524712256 0.529783393501805 0.005416384563303994 0.05776173285198556
1 0.495260663507109 0.5324909747292419 0.008801624915368992 0.05415162454873646
