# progress: 20.0
0 0.3862559241706161 0.6367328519855595 0.7088693297224103 0.14169675090252706
0 0.4928909952606635 0.552797833935018 0.37508463100880163 0.04061371841155235
1 0.37711577522004064 0.4950361010830325 0.005416384563303994 0.06588447653429604
1 0.42213947190250506 0.4954873646209386 0.011509817197020988 0.0631768953068592
1 0.473595125253893 0.47743682310469315 0.008801624915368992 0.02888086642599278
1 0.5318212593094109 0.4972924187725632 0.007447528774542992 0.07220216606498195
1 0.5971563981042654 0.4954873646209386 0.009478672985781991 0.06859205776173286
1 0.6740013540961408 0.5058664259927798 0.008801624915368992 0.09296028880866426
1 0.7657413676371022 0.5090252707581228 0.009478672985781991 0.10288808664259928
1 0.8293838862559242 0.5135379061371841 0.009478672985781991 0.11191335740072202
1 0.8642518618821936 0.5180505415162455 0.012863913337846988 0.13357400722021662
1 0.9245091401489506 0.5252707581227437 0.02098849018280298 0.19133574007220217
