# progress: 15.0
0 0.09174001354096141 0.5888989169675091 0.17535545023696683 0.23375451263537905
0 0.530467163168585 0.5749097472924187 0.6046039268788084 0.2364620938628159
1 0.02234258632362898 0.3601083032490975 0.03926878808395396 0.12815884476534295
1 0.12389979688557888 0.3813176895306859 0.017603249830737983 0.10379061371841156
1 0.2132701421800948 0.40884476534296027 0.020311442112389978 0.08664259927797834
1 0.2874069058903182 0.4092960288808664 0.016926201760324982 0.06768953068592058
1 0.34800270819228163 0.4074909747292419 0.010832769126607989 0.046028880866425995
1 0.3953960731211916 0.41155234657039713 0.013540961408259987 0.039711191335740074
0 0.3053486797562627 0.23510830324909748 0.0013540961408259986 0.0009025270758122744
