# progress: 20.0
1 0.15132024373730535 0.47653429602888087 0.023696682464454975 0.40974729241877256
1 0.23798239675016927 0.546028880866426 0.025050778605280974 0.2924187725631769
1 0.36492890995260663 0.5839350180505415 0.018957345971563982 0.18231046931407943
1 0.7017603249830738 0.5509927797833934 0.05484089370345294 0.2933212996389892
2 0.47257955314827355 0.2842960288808664 0.5551794177386594 0.10108303249097472
1 0.6313473256601219 0.5965703971119134 0.025050778605280974 0.13357400722021662
1 0.586662153012864 0.5351985559566786 0.012863913337846988 0.07942238267148015
2 0.6398104265402843 0.43501805054151627 0.05416384563303995 0.08483754512635379
0 0.503385240352065 0.6719314079422383 0.14285714285714285 0.06768953068592058
