# progress: 10.0
0 0.03579059829059829 0.7093821510297483 0.05448717948717949 0.06864988558352403
0 0.11698717948717949 0.8135011441647597 0.026709401709401708 0.10983981693363844
1 0.09588675213675214 0.5892448512585813 0.013354700854700854 0.17391304347826086
1 0.014957264957264958 0.562929061784897 0.016025641025641024 0.15789473684210525
1 0.15918803418803418 0.5915331807780321 0.019230769230769232 0.13272311212814644
1 0.20512820512820512 0.601258581235698 0.011752136752136752 0.13386727688787187
1 0.23985042735042736 0.5989702517162472 0.008547008547008548 0.10869565217391304
0 0.20379273504273504 0.7368421052631579 0.03258547008547009 0.05263157894736842
0 0.328525641025641 0.7013729977116705 0.05876068376068376 0.041189931350114416
1 0.3229166666666667 0.6046910755148741 0.01014957264957265 0.09496567505720824
0 0.5037393162393162 0.7368421052631579 0.03632478632478633 0.11670480549199085
0 0.6477029914529915 0.7477116704805492 0.05502136752136752 0.12929061784897025
0 0.7086004273504274 0.784324942791762 0.025106837606837608 0.06292906178489703
1 0.5827991452991453 0.6292906178489702 0.018162393162393164 0.09839816933638444
1 0.38995726495726496 0.6178489702517163 0.017094017094017096 0.11441647597254005
