# progress: 15.0
1 0.33209207853757616 0.47518050541516244 0.026404874746106973 0.20848375451263537
1 0.23527420446851727 0.44494584837545126 0.034529451591062965 0.36462093862815886
1 0.36560595802301965 0.48826714801444043 0.018957345971563982 0.16606498194945848
1 0.3859174001354096 0.47653429602888087 0.013540961408259987 0.09927797833935018
1 0.6729857819905213 0.5018050541516246 0.010832769126607989 0.05054151624548736
1 0.6262694651320244 0.49774368231046934 0.010832769126607989 0.04783393501805054
1 0.577183480027082 0.49864620938628157 0.012863913337846988 0.055054151624548735
1 0.527758970886933 0.49684115523465705 0.011509817197020988 0.058664259927797835
1 0.7146242383209208 0.5054151624548736 0.007447528774542992 0.05054151624548736
0 0.5192958700067705 0.5672382671480144 0.17603249830737983 0.08935018050541517
0 0.5802301963439405 0.6638086642599278 0.4617467840216655 0.06768953068592058
0 0.7962085308056872 0.5803249097472925 0.23561272850372375 0.0812274368231047
