# progress: 15.0
0 0.577861 0.542870 0.201083 0.125451
0 0.171970 0.569946 0.308734 0.109206
0 0.140487 0.449910 0.115775 0.056859
0 0.342925 0.455776 0.152336 0.061372
0 0.787407 0.513087 0.100203 0.082130
0 0.581923 0.449007 0.123900 0.042419
1 0.196344 0.353791 0.048747 0.113718
1 0.060934 0.348827 0.059580 0.136282
1 0.270142 0.345668 0.027082 0.088448
1 0.335816 0.353339 0.025728 0.087545
1 0.363913 0.350632 0.016926 0.082130
1 0.416723 0.351986 0.014218 0.070397
1 0.629993 0.356949 0.008802 0.100181
1 0.723087 0.358303 0.008125 0.097473
1 0.548409 0.353339 0.013541 0.085740
1 0.831754 0.376354 0.019634 0.138989
0 0.518942 0.821438 0.879573 0.305000
