0 0.385579 0.747292 0.333785 0.196751
0 0.427217 0.604242 0.211239 0.046029
1 0.207515 0.518953 0.061611 0.166065
1 0.033175 0.513087 0.047393 0.287906
1 0.289438 0.520758 0.025051 0.124549
1 0.386256 0.530235 0.016926 0.082130
1 0.337170 0.518051 0.014895 0.088448
0 0.841909 0.738718 0.240352 0.143502
0 0.643534 0.606498 0.099526 0.095668
0 0.848680 0.608303 0.205146 0.081227
1 0.629993 0.512635 0.018280 0.048736
1 0.690928 0.515794 0.016926 0.058664
1 0.743060 0.517599 0.012864 0.056859
1 0.574814 0.514892 0.010833 0.056859
1 0.523358 0.508574 0.016249 0.069495
1 0.457991 0.518687 0.011253 0.052500
1 0.366095 0.523687 0.011253 0.097500
