1 0.201923 0.356407 0.043803 0.387872
1 0.281517 0.349542 0.035256 0.268879
1 0.327457 0.350114 0.016026 0.194508
1 0.357639 0.368993 0.018697 0.179634
1 0.377938 0.389588 0.014423 0.161327
1 0.394231 0.402746 0.011752 0.153318
0 0.658921 0.556064 0.134081 0.082380
0 0.452457 0.523455 0.057692 0.042334
0 0.171474 0.748284 0.116453 0.132723
1 0.406250 0.404462 0.011218 0.140732
1 0.622863 0.415332 0.012821 0.118993
1 0.482105 0.397025 0.010150 0.109840
1 0.686966 0.420481 0.011752 0.115561
0 0.757212 0.624714 0.034722 0.254005
1 0.556000 0.418162 0.010000 0.117803
