# progress: 20.0
1 0.1083276912660799 0.4675090252707581 0.025727826675693975 0.18953068592057762
1 0.3039945836154367 0.46525270758122744 0.017603249830737983 0.18862815884476533
1 0.3862559241706161 0.47382671480144406 0.015572105619498984 0.11191335740072202
1 0.23730534867975625 0.44404332129963897 0.014218009478672985 0.052346570397111915
0 0.12593094109681788 0.621841155234657 0.24102911306702776 0.07581227436823104
1 0.4380501015572106 0.4891696750902527 0.010832769126607989 0.052346570397111915
1 0.489844278943805 0.4918772563176895 0.007447528774542992 0.05776173285198556
1 0.5412999322951929 0.4936823104693141 0.012863913337846988 0.0631768953068592
1 0.5910629654705484 0.48962093862815886 0.012186865267433988 0.06407942238267147
1 0.6391333784698714 0.4918772563176895 0.008124576844955992 0.05776173285198556
