# progress: 10.0
1 0.20192307692307693 0.35640732265446223 0.0438034188034188 0.3878718535469107
1 0.281517094017094 0.34954233409610985 0.035256410256410256 0.26887871853546913
1 0.32745726495726496 0.3501144164759725 0.016025641025641024 0.1945080091533181
1 0.3576388888888889 0.36899313501144165 0.018696581196581196 0.17963386727688788
1 0.3779380341880342 0.38958810068649885 0.014423076923076924 0.16132723112128147
1 0.3942307692307692 0.40274599542334094 0.011752136752136752 0.15331807780320367
0 0.6589209401709402 0.5560640732265446 0.13408119658119658 0.08237986270022883
0 0.45245726495726496 0.5234553775743707 0.057692307692307696 0.04233409610983982
0 0.17147435897435898 0.7482837528604119 0.11645299145299146 0.13272311212814644
1 0.40625 0.40446224256292906 0.011217948717948718 0.14073226544622425
1 0.6228632478632479 0.41533180778032036 0.01282051282051282 0.11899313501144165
1 0.48210470085470086 0.39702517162471396 0.01014957264957265 0.10983981693363844
1 0.686965811965812 0.4204805491990847 0.011752136752136752 0.11556064073226545
0 0.7572115384615384 0.6247139588100686 0.034722222222222224 0.2540045766590389
