# progress: 15.0
0 0.38557887610020314 0.7472924187725631 0.33378469871360866 0.1967509025270758
0 0.42721733243060256 0.6042418772563177 0.21123899796885579 0.046028880866425995
1 0.2075152335815843 0.5189530685920578 0.061611374407582936 0.16606498194945848
1 0.03317535545023697 0.5130866425992779 0.04739336492890995 0.2879061371841155
1 0.2894380501015572 0.5207581227436823 0.025050778605280974 0.12454873646209386
1 0.3862559241706161 0.5302346570397112 0.016926201760324982 0.08212996389891697
1 0.33716993906567366 0.5180505415162455 0.014895057549085985 0.08844765342960288
0 0.8419092755585647 0.7387184115523465 0.24035206499661477 0.14350180505415164
0 0.6435341909275558 0.6064981949458483 0.0995260663507109 0.09566787003610108
0 0.8486797562626947 0.6083032490974729 0.2051455653351388 0.0812274368231047
1 0.6299932295192958 0.5126353790613718 0.01828029790115098 0.048736462093862815
0 0.4549763033175355 0.5185018050541517 0.014895057549085985 0.06227436823104693
1 0.6909275558564658 0.5157942238267148 0.016926201760324982 0.058664259927797835
1 0.7430602572782667 0.5175992779783394 0.012863913337846988 0.05685920577617329
1 0.5748138117806364 0.5148916967509025 0.010832769126607989 0.05685920577617329
1 0.5233581584292485 0.5085740072202166 0.016249153689911984 0.06949458483754513
