# progress: 10.0
0 0.035791 0.709382 0.054487 0.068650
0 0.116987 0.813501 0.026709 0.109840
1 0.095887 0.589245 0.013355 0.173913
1 0.014957 0.562929 0.016026 0.157895
1 0.159188 0.591533 0.019231 0.132723
1 0.205128 0.601259 0.011752 0.133867
1 0.239850 0.598970 0.008547 0.108696
0 0.203793 0.736842 0.032585 0.052632
0 0.328526 0.701373 0.058761 0.041190
1 0.322917 0.604691 0.010150 0.094966
0 0.503739 0.736842 0.036325 0.116705
0 0.647703 0.747712 0.055021 0.129291
0 0.708600 0.784325 0.025107 0.062929
1 0.582799 0.629291 0.018162 0.098398
1 0.389957 0.617849 0.017094 0.114416
