# progress: 10.0
0 0.20860042735042736 0.6618993135011442 0.2954059829059829 0.15217391304347827
0 0.4388354700854701 0.6127002288329519 0.12767094017094016 0.2940503432494279
0 0.5894764957264957 0.6069794050343249 0.09775641025641026 0.30549199084668194
0 0.7270299145299145 0.7122425629290617 0.1517094017094017 0.14759725400457666
1 0.1658653846153846 0.17677345537757438 0.057158119658119656 0.30320366132723114
1 0.014423076923076924 0.18421052631578946 0.03739316239316239 0.28604118993135014
1 0.3368055555555556 0.18993135011441648 0.04754273504273504 0.3318077803203661
1 0.5034722222222222 0.18764302059496568 0.04326923076923077 0.3501144164759725
1 0.6765491452991453 0.1945080091533181 0.04326923076923077 0.35926773455377575
1 0.7876602564102564 0.20022883295194507 0.026175213675213676 0.38443935926773454
