# progress: 15.0
0 0.46377792823290453 0.6615523465703971 0.1949898442789438 0.09025270758122744
0 0.6574136763710223 0.6574909747292419 0.15030467163168584 0.0983754512635379
0 0.8571428571428571 0.6525270758122743 0.21123899796885579 0.10108303249097472
0 0.5382532159783344 0.5870938628158845 0.06770480704129993 0.042418772563176894
0 0.17366283006093433 0.6362815884476535 0.17670954637779282 0.06498194945848375
1 0.9312796208530806 0.5410649819494585 0.03182125930941097 0.10018050541516245
1 0.8053486797562627 0.5415162454873647 0.02234258632362898 0.10469314079422383
1 0.6431956668923493 0.5388086642599278 0.014895057549085985 0.08303249097472924
1 0.5876777251184834 0.532942238267148 0.013540961408259987 0.07129963898916968
1 0.5446851726472579 0.5216606498194946 0.010155721056194989 0.04693140794223827
1 0.7129316181448883 0.5157942238267148 0.014895057549085985 0.042418772563176894
